3738 100 2000 3 Range
3739 100 2000 3 Magic
3737 100 2000 3 Melee
8411 100 6000 3 Range
8412 100 6000 3 Magic
8410 100 6000 3 Melee
3260 200 12000 3 Melee
5012 200 12000 3 Range
5011 300 20000 3 Range
8001 300 20000 3 Range
5010 300 20000 3 Range
12535 200 12000 3 Melee
12537 300 20000 3 Melee
17011 200 12000 3 Magic
17013 300 20000 3 Magic
13556 300 20000 3 Magic
13801 300 20000 3 Melee
22113 375 25000 3 Range
23455 375 25000 3 Range
22114 375 25000 3 Magic
22115 375 25000 3 Melee
23222 415 30000 3 Range
22089 415 30000 3 Range
23474 415 30000 3 Range
23220 415 30000 3 Magic
23373 415 30000 3 Magic
23221 415 30000 3 Melee
23537 415 30000 3 Melee
23568 375 25000 3 Range
23567 375 25000 3 Magic
23566 375 25000 3 Melee
23619 415 30000 3 Melee
23597 415 30000 3 Magic
23638 415 30000 3 Magic
23639 415 30000 3 Magic
23640 415 30000 3 Melee
23641 415 30000 3 Melee
23642 415 30000 3 Range
23643 415 30000 3 Range
23629 415 30000 3 Melee
23630 415 30000 3 Melee
23663 415 30000 3 Magic
23664 415 30000 3 Magic
23716 415 30000 3 Range
23710 415 30000 3 Range
23719 415 30000 3 Melee
23785 415 30000 3 Range
23786 415 30000 3 Magic
23787 415 30000 3 Melee
23592 415 30000 3 Magic
23593 415 30000 3 Melee
23800 415 30000 3 Melee
23817 415 30000 3 Range
23818 415 30000 3 Magic
23819 415 30000 3 Melee
23832 415 30000 3 Range
23891 415 30000 3 Range
23839 415 30000 3 Range
23842 415 30000 3 Magic
23841 415 30000 3 Range
23840 415 30000 3 Melee